0.002700 -0.003822
0.013860 -0.256570
-0.057615 -0.467257
-0.090702 -0.670399
-0.127003 -0.904695
-0.164444 -1.114761
-0.208963 -1.325521
-0.249103 -1.561301
-0.296192 -1.800372
-0.348190 -2.046329
-0.398654 -2.291830
-0.443807 -2.488956
-0.488518 -2.693600
-0.532765 -2.892524
-0.577092 -3.109948
-0.618201 -3.316369
-0.683605 -3.577466
-0.742264 -3.814231
-0.803144 -4.053351
-0.851473 -4.286038
-0.910443 -4.515061
-0.965994 -4.747641
-1.015062 -4.960540
-1.075125 -5.220355
-1.113909 -5.417035
-1.165841 -5.611304
-1.207621 -5.825639
-1.264553 -6.027918
-1.318454 -6.242757
-1.371619 -6.455928
-1.425293 -6.679452
-1.479962 -6.900585
-1.528104 -7.108617
-1.589328 -7.364297
-1.645374 -7.610058
-1.704473 -7.864501
-1.750112 -8.070087
-1.803344 -8.308140
-1.851971 -8.517530
-1.897569 -8.758299
-1.939281 -8.998314
-1.978644 -9.247733
-2.025480 -9.455300
-2.078898 -9.685600
-2.116256 -9.914205
-2.159075 -10.162490
-2.210520 -10.407735
-2.256303 -10.605029
-2.292061 -10.829980
-2.323147 -11.081495
-2.356521 -11.293899
-2.377358 -11.546172
-2.399692 -11.758422
-2.427986 -11.999040
-2.458153 -12.255701
-2.493680 -12.504112
-2.521009 -12.742427
-2.542842 -12.948157
-2.568013 -13.181725
-2.587554 -13.417145
-2.614810 -13.617852
-2.642711 -13.862454
-2.656838 -14.085599
-2.692790 -14.349535
-2.720548 -14.572836
-2.745863 -14.776075
-2.770259 -15.009760
-2.800086 -15.237486
-2.830681 -15.476554
-2.849539 -15.712564
-2.871153 -15.913261
-2.904923 -16.146571
-2.942116 -16.418634
-2.973680 -16.636273
-3.008488 -16.871768
-3.046787 -17.123948
-3.092675 -17.362184
-3.134002 -17.590303
-3.168186 -17.809103
-3.196054 -18.028390
-3.234523 -18.268014
-3.279526 -18.479092
-3.311649 -18.699830
-3.369404 -18.947194
-3.418900 -19.189125
-3.464216 -19.395048
-3.512527 -19.600612
-3.569559 -19.833960
-3.629498 -20.077798
-3.672964 -20.283096
-3.721457 -20.481269
-3.774288 -20.701441
-3.819315 -20.904628
-3.880054 -21.172026
-3.927292 -21.369359
-3.976956 -21.575359
-4.031866 -21.801864
-4.081206 -22.002806
-4.124166 -22.202942
-4.170830 -22.456394
-4.203267 -22.657604
-4.172666 -22.929038
-4.089791 -23.117011
-4.000168 -23.345773
-3.915917 -23.598813
-3.831900 -23.785860
-3.644605 -23.983666
-3.462221 -24.142874
-3.317642 -24.292309
-3.163831 -24.432686
-2.997078 -24.588399
-2.830673 -24.719145
-2.648689 -24.806780
-2.432440 -24.870510
-2.239376 -24.935545
-2.028159 -25.012836
-1.827273 -25.063440
-1.598669 -25.081585
-1.375785 -25.105908
-1.173856 -25.125433
-0.946544 -25.147656
-0.741177 -25.166644
-0.530743 -25.193385
-0.296725 -25.221224
-0.048294 -25.265392
0.157282 -25.298867
0.399550 -25.331351
0.623980 -25.362492
0.875423 -25.397405
1.136405 -25.447952
1.337541 -25.477037
1.560410 -25.517748
1.774773 -25.548118
1.977299 -25.571689
2.189823 -25.612849
2.450952 -25.647378
2.711890 -25.691639
2.911867 -25.722048
3.151773 -25.755145
3.381117 -25.788553
3.695538 -25.838635
3.899573 -25.876107
4.151475 -25.914437
4.368446 -25.948101
4.574804 -25.980318
4.774989 -26.009063
4.994457 -26.040287
5.286308 -26.090899
5.517187 -26.137913
5.744067 -26.173914
5.985706 -26.205076
6.186208 -26.240466
6.457296 -26.288316
6.734850 -26.331947
6.941336 -26.361726
7.150380 -26.392839
7.368035 -26.418714
7.609448 -26.448213
7.869653 -26.463538
8.110548 -26.403074
8.282537 -26.298728
8.465064 -26.122983
8.637485 -25.951867
8.828287 -25.770746
8.960282 -25.608893
9.064040 -25.418979
9.126610 -25.199842
9.209256 -25.011561
9.292143 -24.813309
9.405918 -24.544152
9.512677 -24.322635
9.606855 -24.123074
9.698011 -23.888354
9.797464 -23.671790
9.873813 -23.470569
9.948980 -23.245761
9.998660 -23.042795
10.061579 -22.837684
10.127755 -22.593059
10.188275 -22.387112
10.245318 -22.178670
10.314446 -21.931402
10.376130 -21.712856
10.439325 -21.483077
10.492567 -21.257417
10.528119 -21.053523
10.564923 -20.843420
10.604173 -20.628121
10.650045 -20.414767
10.713569 -20.140304
10.747901 -19.930692
10.793673 -19.734538
10.838415 -19.485965
10.896963 -19.270232
10.949092 -18.972246
10.985584 -18.742980
10.975860 -18.436707
10.948657 -18.204868
10.972439 -17.981574
11.043894 -17.766049
11.098112 -17.570405
11.145530 -17.356414
11.177802 -17.125672
11.219802 -16.891672
11.258485 -16.666842
11.307478 -16.417806
11.354052 -16.174970
11.398150 -15.924334
11.443804 -15.674819
11.511131 -15.370296
11.582217 -15.134735
11.602276 -14.919336
11.658179 -14.682621
11.710086 -14.478496
11.761969 -14.228132
11.795746 -14.021419
11.841813 -13.820385
11.886547 -13.613817
11.948059 -13.319135
11.997211 -13.119461
12.046240 -12.912717
12.093170 -12.658613
12.138652 -12.443944
12.184146 -12.242620
12.241303 -11.973217
12.294053 -11.735824
12.337239 -11.539657
12.380093 -11.339541
12.443346 -11.119028
12.479881 -10.905961
12.527401 -10.711036
12.583309 -10.510441
12.632387 -10.280590
12.678086 -10.058051
12.728531 -9.850389
12.778587 -9.653755
12.831993 -9.395586
12.888368 -9.146349
12.930412 -8.949015
12.973132 -8.719916
13.032755 -8.473757
13.079667 -8.184001
13.126543 -7.942373
13.166064 -7.737471
13.219745 -7.482817
13.258828 -7.240161
13.295367 -6.989146
13.335842 -6.754719
13.374546 -6.526574
13.405311 -6.278425
13.403899 -6.044126
13.406637 -5.732143
13.410817 -5.518278
13.401842 -5.263143
13.412610 -5.057174
13.421247 -4.786655
13.416731 -4.576938
13.408930 -4.330151
13.388184 -4.122388
13.336983 -3.893645
13.223929 -3.651869
13.080510 -3.395887
12.972926 -3.218590
12.870705 -3.019463
12.736741 -2.776456
12.630505 -2.597693
12.521596 -2.391290
12.378905 -2.176102
12.268295 -1.998189
12.100514 -1.733700
11.942296 -1.524982
11.784485 -1.393580
11.609693 -1.229834
11.467753 -1.081330
11.320261 -0.936006
11.160615 -0.800058
11.024078 -0.652152
10.854817 -0.477189
10.704654 -0.330301
10.557034 -0.193246
10.399433 -0.050041
10.101432 0.118120
9.905202 0.187872
9.662973 0.274799
9.478043 0.353295
9.282891 0.421361
9.042241 0.516813
8.843810 0.589657
8.656775 0.662152
8.438632 0.758492
8.180356 0.866742
7.974815 0.952120
7.779943 1.025276
7.507314 1.130022
7.313843 1.196639
7.068134 1.282348
6.828577 1.361162
6.583030 1.446740
6.382647 1.512873
6.183389 1.559317
5.948773 1.595725
5.697371 1.603259
5.458626 1.622194
5.206857 1.662045
4.971608 1.691711
4.768050 1.710203
4.558297 1.727800
4.303630 1.768315
4.052286 1.792726
3.814976 1.805812
3.603622 1.827150
3.323443 1.857029
3.081556 1.874842
2.826256 1.901499
2.625748 1.917380
2.369622 1.938625
2.168493 1.961790
1.907767 1.993633
1.704512 2.014493
1.364464 2.038165
1.163949 2.059368
0.926682 2.092426
0.723910 2.091775
